m : 2
n : 5

[1 1 1 1 1] : 62.10273
[2 1 1 1 1] : 32.0255
[1 2 1 1 1] : 33.85535
[2 2 1 1 1] : 31.86295
[1 1 2 1 1] : 37.75292
[2 1 2 1 1] : 31.98384
[1 2 2 1 1] : 34.02598
[2 2 2 1 1] : 32.19422
[1 1 1 2 1] : 33.97488
[2 1 1 2 1] : 35.9262
[1 2 1 2 1] : 42.10307
[2 2 1 2 1] : 31.94339
[1 1 2 2 1] : 34.11935
[2 1 2 2 1] : 36.00644
[1 2 2 2 1] : 33.81846
[2 2 2 2 1] : 31.9711
[1 1 1 1 2] : 32.07803
[2 1 1 1 2] : 33.96547
[1 2 1 1 2] : 35.97029
[2 2 1 1 2] : 33.94492
[1 1 2 1 2] : 32.13533
[2 1 2 1 2] : 41.84906
[1 2 2 1 2] : 35.92619
[2 2 2 1 2] : 34.11549
[1 1 1 2 2] : 32.07362
[2 1 1 2 2] : 34.00656
[1 2 1 2 2] : 31.92489
[2 2 1 2 2] : 38.03894
[1 1 2 2 2] : 31.86904
[2 1 2 2 2] : 33.90798
[1 2 2 2 2] : 32.04939
[2 2 2 2 2] : 62.35377

--------------------

