m : 2
n : 3

[ [1 1 1], [1 1 1] ]: 1.0
[ [1 1 1], [2 1 1] ]: 0.12497
[ [1 1 1], [1 2 1] ]: 0.40111
[ [1 1 1], [2 2 1] ]: 0.29796
[ [1 1 1], [1 1 2] ]: 0.49865
[ [1 1 1], [2 1 2] ]: 0.41688
[ [1 1 1], [1 2 2] ]: 0.4011
[ [1 1 1], [2 2 2] ]: 0.50121

[ [2 1 1], [1 1 1] ]: 0.87503
[ [2 1 1], [2 1 1] ]: 1.0
[ [2 1 1], [1 2 1] ]: 0.49825
[ [2 1 1], [2 2 1] ]: 0.32924
[ [2 1 1], [1 1 2] ]: 0.74878
[ [2 1 1], [2 1 2] ]: 0.50119
[ [2 1 1], [1 2 2] ]: 0.49925
[ [2 1 1], [2 2 2] ]: 0.6004

[ [1 2 1], [1 1 1] ]: 0.59889
[ [1 2 1], [2 1 1] ]: 0.50175
[ [1 2 1], [1 2 1] ]: 1.0
[ [1 2 1], [2 2 1] ]: 0.37365
[ [1 2 1], [1 1 2] ]: 0.32982
[ [1 2 1], [2 1 2] ]: 0.50317
[ [1 2 1], [1 2 2] ]: 0.50004
[ [1 2 1], [2 2 2] ]: 0.58104

[ [2 2 1], [1 1 1] ]: 0.70204
[ [2 2 1], [2 1 1] ]: 0.67076
[ [2 2 1], [1 2 1] ]: 0.62635
[ [2 2 1], [2 2 1] ]: 1.0
[ [2 2 1], [1 1 2] ]: 0.50161
[ [2 2 1], [2 1 2] ]: 0.66448
[ [2 2 1], [1 2 2] ]: 0.24903
[ [2 2 1], [2 2 2] ]: 0.4969

[ [1 1 2], [1 1 1] ]: 0.50135
[ [1 1 2], [2 1 1] ]: 0.25122
[ [1 1 2], [1 2 1] ]: 0.67018
[ [1 1 2], [2 2 1] ]: 0.49839
[ [1 1 2], [1 1 2] ]: 1.0
[ [1 1 2], [2 1 2] ]: 0.62575
[ [1 1 2], [1 2 2] ]: 0.6647
[ [1 1 2], [2 2 2] ]: 0.69789

[ [2 1 2], [1 1 1] ]: 0.58312
[ [2 1 2], [2 1 1] ]: 0.49881
[ [2 1 2], [1 2 1] ]: 0.49683
[ [2 1 2], [2 2 1] ]: 0.33552
[ [2 1 2], [1 1 2] ]: 0.37425
[ [2 1 2], [2 1 2] ]: 1.0
[ [2 1 2], [1 2 2] ]: 0.50132
[ [2 1 2], [2 2 2] ]: 0.59873

[ [1 2 2], [1 1 1] ]: 0.5989
[ [1 2 2], [2 1 1] ]: 0.50075
[ [1 2 2], [1 2 1] ]: 0.49996
[ [1 2 2], [2 2 1] ]: 0.75097
[ [1 2 2], [1 1 2] ]: 0.3353
[ [1 2 2], [2 1 2] ]: 0.49868
[ [1 2 2], [1 2 2] ]: 1.0
[ [1 2 2], [2 2 2] ]: 0.8733

[ [2 2 2], [1 1 1] ]: 0.49879
[ [2 2 2], [2 1 1] ]: 0.3996
[ [2 2 2], [1 2 1] ]: 0.41896
[ [2 2 2], [2 2 1] ]: 0.5031
[ [2 2 2], [1 1 2] ]: 0.30211
[ [2 2 2], [2 1 2] ]: 0.40127
[ [2 2 2], [1 2 2] ]: 0.1267
[ [2 2 2], [2 2 2] ]: 1.0

------------------------------

m : 3
n : 3

[ [1 1 1], [1 1 1] ]: 1.0
[ [1 1 1], [2 1 1] ]: 0.27976
[ [1 1 1], [3 1 1] ]: 0.28189
[ [1 1 1], [1 2 1] ]: 0.42918
[ [1 1 1], [2 2 1] ]: 0.38143
[ [1 1 1], [3 2 1] ]: 0.38369
[ [1 1 1], [1 3 1] ]: 0.42889
[ [1 1 1], [2 3 1] ]: 0.37947
[ [1 1 1], [3 3 1] ]: 0.38274
[ [1 1 1], [1 1 2] ]: 0.50024
[ [1 1 1], [2 1 2] ]: 0.43494
[ [1 1 1], [3 1 2] ]: 0.4116
[ [1 1 1], [1 2 2] ]: 0.42956
[ [1 1 1], [2 2 2] ]: 0.50161
[ [1 1 1], [3 2 2] ]: 0.40858
[ [1 1 1], [1 3 2] ]: 0.4307
[ [1 1 1], [2 3 2] ]: 0.43418
[ [1 1 1], [3 3 2] ]: 0.40736
[ [1 1 1], [1 1 3] ]: 0.4978
[ [1 1 1], [2 1 3] ]: 0.40898
[ [1 1 1], [3 1 3] ]: 0.43339
[ [1 1 1], [1 2 3] ]: 0.4264
[ [1 1 1], [2 2 3] ]: 0.40773
[ [1 1 1], [3 2 3] ]: 0.43726
[ [1 1 1], [1 3 3] ]: 0.43014
[ [1 1 1], [2 3 3] ]: 0.4081
[ [1 1 1], [3 3 3] ]: 0.49776

[ [2 1 1], [1 1 1] ]: 0.72024
[ [2 1 1], [2 1 1] ]: 1.0
[ [2 1 1], [3 1 1] ]: 0.49956
[ [2 1 1], [1 2 1] ]: 0.46795
[ [2 1 1], [2 2 1] ]: 0.401
[ [2 1 1], [3 2 1] ]: 0.40006
[ [2 1 1], [1 3 1] ]: 0.55439
[ [2 1 1], [2 3 1] ]: 0.50202
[ [2 1 1], [3 3 1] ]: 0.49858
[ [2 1 1], [1 1 2] ]: 0.61728
[ [2 1 1], [2 1 2] ]: 0.50162
[ [2 1 1], [3 1 2] ]: 0.47029
[ [2 1 1], [1 2 2] ]: 0.49998
[ [2 1 1], [2 2 2] ]: 0.57054
[ [2 1 1], [3 2 2] ]: 0.47228
[ [2 1 1], [1 3 2] ]: 0.50023
[ [2 1 1], [2 3 2] ]: 0.50116
[ [2 1 1], [3 3 2] ]: 0.47254
[ [2 1 1], [1 1 3] ]: 0.64491
[ [2 1 1], [2 1 3] ]: 0.49808
[ [2 1 1], [3 1 3] ]: 0.52682
[ [2 1 1], [1 2 3] ]: 0.52933
[ [2 1 1], [2 2 3] ]: 0.50143
[ [2 1 1], [3 2 3] ]: 0.52594
[ [2 1 1], [1 3 3] ]: 0.52979
[ [2 1 1], [2 3 3] ]: 0.50479
[ [2 1 1], [3 3 3] ]: 0.59027

[ [3 1 1], [1 1 1] ]: 0.71811
[ [3 1 1], [2 1 1] ]: 0.50044
[ [3 1 1], [3 1 1] ]: 1.0
[ [3 1 1], [1 2 1] ]: 0.55062
[ [3 1 1], [2 2 1] ]: 0.49955
[ [3 1 1], [3 2 1] ]: 0.49926
[ [3 1 1], [1 3 1] ]: 0.46744
[ [3 1 1], [2 3 1] ]: 0.40153
[ [3 1 1], [3 3 1] ]: 0.39953
[ [3 1 1], [1 1 2] ]: 0.64319
[ [3 1 1], [2 1 2] ]: 0.52601
[ [3 1 1], [3 1 2] ]: 0.5021
[ [3 1 1], [1 2 2] ]: 0.52905
[ [3 1 1], [2 2 2] ]: 0.58988
[ [3 1 1], [3 2 2] ]: 0.50014
[ [3 1 1], [1 3 2] ]: 0.52961
[ [3 1 1], [2 3 2] ]: 0.52763
[ [3 1 1], [3 3 2] ]: 0.50003
[ [3 1 1], [1 1 3] ]: 0.61789
[ [3 1 1], [2 1 3] ]: 0.47028
[ [3 1 1], [3 1 3] ]: 0.50056
[ [3 1 1], [1 2 3] ]: 0.501
[ [3 1 1], [2 2 3] ]: 0.46947
[ [3 1 1], [3 2 3] ]: 0.49998
[ [3 1 1], [1 3 3] ]: 0.49975
[ [3 1 1], [2 3 3] ]: 0.46969
[ [3 1 1], [3 3 3] ]: 0.57174

[ [1 2 1], [1 1 1] ]: 0.57082
[ [1 2 1], [2 1 1] ]: 0.53205
[ [1 2 1], [3 1 1] ]: 0.44938
[ [1 2 1], [1 2 1] ]: 1.0
[ [1 2 1], [2 2 1] ]: 0.44601
[ [1 2 1], [3 2 1] ]: 0.44202
[ [1 2 1], [1 3 1] ]: 0.49888
[ [1 2 1], [2 3 1] ]: 0.44446
[ [1 2 1], [3 3 1] ]: 0.44343
[ [1 2 1], [1 1 2] ]: 0.40306
[ [1 2 1], [2 1 2] ]: 0.49984
[ [1 2 1], [3 1 2] ]: 0.37476
[ [1 2 1], [1 2 2] ]: 0.50339
[ [1 2 1], [2 2 2] ]: 0.56376
[ [1 2 1], [3 2 2] ]: 0.47464
[ [1 2 1], [1 3 2] ]: 0.50177
[ [1 2 1], [2 3 2] ]: 0.50074
[ [1 2 1], [3 3 2] ]: 0.47666
[ [1 2 1], [1 1 3] ]: 0.50168
[ [1 2 1], [2 1 3] ]: 0.56122
[ [1 2 1], [3 1 3] ]: 0.49752
[ [1 2 1], [1 2 3] ]: 0.50262
[ [1 2 1], [2 2 3] ]: 0.47516
[ [1 2 1], [3 2 3] ]: 0.49733
[ [1 2 1], [1 3 3] ]: 0.50065
[ [1 2 1], [2 3 3] ]: 0.47373
[ [1 2 1], [3 3 3] ]: 0.56571

[ [2 2 1], [1 1 1] ]: 0.61857
[ [2 2 1], [2 1 1] ]: 0.599
[ [2 2 1], [3 1 1] ]: 0.50045
[ [2 2 1], [1 2 1] ]: 0.55399
[ [2 2 1], [2 2 1] ]: 1.0
[ [2 2 1], [3 2 1] ]: 0.50155
[ [2 2 1], [1 3 1] ]: 0.55618
[ [2 2 1], [2 3 1] ]: 0.50027
[ [2 2 1], [3 3 1] ]: 0.5021
[ [2 2 1], [1 1 2] ]: 0.50199
[ [2 2 1], [2 1 2] ]: 0.59786
[ [2 2 1], [3 1 2] ]: 0.46874
[ [2 2 1], [1 2 2] ]: 0.38514
[ [2 2 1], [2 2 2] ]: 0.50072
[ [2 2 1], [3 2 2] ]: 0.35733
[ [2 2 1], [1 3 2] ]: 0.49644
[ [2 2 1], [2 3 2] ]: 0.49815
[ [2 2 1], [3 3 2] ]: 0.4709
[ [2 2 1], [1 1 3] ]: 0.52892
[ [2 2 1], [2 1 3] ]: 0.59869
[ [2 2 1], [3 1 3] ]: 0.52695
[ [2 2 1], [1 2 3] ]: 0.5289
[ [2 2 1], [2 2 3] ]: 0.49979
[ [2 2 1], [3 2 3] ]: 0.52623
[ [2 2 1], [1 3 3] ]: 0.5275
[ [2 2 1], [2 3 3] ]: 0.50195
[ [2 2 1], [3 3 3] ]: 0.59028

[ [3 2 1], [1 1 1] ]: 0.61631
[ [3 2 1], [2 1 1] ]: 0.59994
[ [3 2 1], [3 1 1] ]: 0.50074
[ [3 2 1], [1 2 1] ]: 0.55798
[ [3 2 1], [2 2 1] ]: 0.49845
[ [3 2 1], [3 2 1] ]: 1.0
[ [3 2 1], [1 3 1] ]: 0.555
[ [3 2 1], [2 3 1] ]: 0.49879
[ [3 2 1], [3 3 1] ]: 0.49988
[ [3 2 1], [1 1 2] ]: 0.5293
[ [3 2 1], [2 1 2] ]: 0.62299
[ [3 2 1], [3 1 2] ]: 0.49941
[ [3 2 1], [1 2 2] ]: 0.52876
[ [3 2 1], [2 2 2] ]: 0.59089
[ [3 2 1], [3 2 2] ]: 0.49888
[ [3 2 1], [1 3 2] ]: 0.42742
[ [3 2 1], [2 3 2] ]: 0.43929
[ [3 2 1], [3 3 2] ]: 0.40157
[ [3 2 1], [1 1 3] ]: 0.49969
[ [3 2 1], [2 1 3] ]: 0.57209
[ [3 2 1], [3 1 3] ]: 0.499
[ [3 2 1], [1 2 3] ]: 0.50197
[ [3 2 1], [2 2 3] ]: 0.47227
[ [3 2 1], [3 2 3] ]: 0.50178
[ [3 2 1], [1 3 3] ]: 0.50079
[ [3 2 1], [2 3 3] ]: 0.47073
[ [3 2 1], [3 3 3] ]: 0.5719

[ [1 3 1], [1 1 1] ]: 0.57111
[ [1 3 1], [2 1 1] ]: 0.44561
[ [1 3 1], [3 1 1] ]: 0.53256
[ [1 3 1], [1 2 1] ]: 0.50112
[ [1 3 1], [2 2 1] ]: 0.44382
[ [1 3 1], [3 2 1] ]: 0.445
[ [1 3 1], [1 3 1] ]: 1.0
[ [1 3 1], [2 3 1] ]: 0.44167
[ [1 3 1], [3 3 1] ]: 0.44468
[ [1 3 1], [1 1 2] ]: 0.49887
[ [1 3 1], [2 1 2] ]: 0.50151
[ [1 3 1], [3 1 2] ]: 0.55802
[ [1 3 1], [1 2 2] ]: 0.5007
[ [1 3 1], [2 2 2] ]: 0.56448
[ [1 3 1], [3 2 2] ]: 0.47251
[ [1 3 1], [1 3 2] ]: 0.50097
[ [1 3 1], [2 3 2] ]: 0.50108
[ [1 3 1], [3 3 2] ]: 0.47099
[ [1 3 1], [1 1 3] ]: 0.40151
[ [1 3 1], [2 1 3] ]: 0.3751
[ [1 3 1], [3 1 3] ]: 0.49911
[ [1 3 1], [1 2 3] ]: 0.50129
[ [1 3 1], [2 2 3] ]: 0.47339
[ [1 3 1], [3 2 3] ]: 0.49838
[ [1 3 1], [1 3 3] ]: 0.5018
[ [1 3 1], [2 3 3] ]: 0.47168
[ [1 3 1], [3 3 3] ]: 0.56578

[ [2 3 1], [1 1 1] ]: 0.62053
[ [2 3 1], [2 1 1] ]: 0.49798
[ [2 3 1], [3 1 1] ]: 0.59847
[ [2 3 1], [1 2 1] ]: 0.55554
[ [2 3 1], [2 2 1] ]: 0.49973
[ [2 3 1], [3 2 1] ]: 0.50121
[ [2 3 1], [1 3 1] ]: 0.55833
[ [2 3 1], [2 3 1] ]: 1.0
[ [2 3 1], [3 3 1] ]: 0.50042
[ [2 3 1], [1 1 2] ]: 0.49957
[ [2 3 1], [2 1 2] ]: 0.49896
[ [2 3 1], [3 1 2] ]: 0.57241
[ [2 3 1], [1 2 2] ]: 0.50141
[ [2 3 1], [2 2 2] ]: 0.57226
[ [2 3 1], [3 2 2] ]: 0.46975
[ [2 3 1], [1 3 2] ]: 0.49764
[ [2 3 1], [2 3 2] ]: 0.50002
[ [2 3 1], [3 3 2] ]: 0.46867
[ [2 3 1], [1 1 3] ]: 0.53137
[ [2 3 1], [2 1 3] ]: 0.50046
[ [2 3 1], [3 1 3] ]: 0.6228
[ [2 3 1], [1 2 3] ]: 0.42604
[ [2 3 1], [2 2 3] ]: 0.39973
[ [2 3 1], [3 2 3] ]: 0.43782
[ [2 3 1], [1 3 3] ]: 0.52788
[ [2 3 1], [2 3 3] ]: 0.50122
[ [2 3 1], [3 3 3] ]: 0.59089

[ [3 3 1], [1 1 1] ]: 0.61726
[ [3 3 1], [2 1 1] ]: 0.50142
[ [3 3 1], [3 1 1] ]: 0.60047
[ [3 3 1], [1 2 1] ]: 0.55657
[ [3 3 1], [2 2 1] ]: 0.4979
[ [3 3 1], [3 2 1] ]: 0.50012
[ [3 3 1], [1 3 1] ]: 0.55532
[ [3 3 1], [2 3 1] ]: 0.49958
[ [3 3 1], [3 3 1] ]: 1.0
[ [3 3 1], [1 1 2] ]: 0.53162
[ [3 3 1], [2 1 2] ]: 0.52753
[ [3 3 1], [3 1 2] ]: 0.60098
[ [3 3 1], [1 2 2] ]: 0.52978
[ [3 3 1], [2 2 2] ]: 0.59374
[ [3 3 1], [3 2 2] ]: 0.50051
[ [3 3 1], [1 3 2] ]: 0.5305
[ [3 3 1], [2 3 2] ]: 0.52812
[ [3 3 1], [3 3 2] ]: 0.50065
[ [3 3 1], [1 1 3] ]: 0.49921
[ [3 3 1], [2 1 3] ]: 0.47314
[ [3 3 1], [3 1 3] ]: 0.59895
[ [3 3 1], [1 2 3] ]: 0.50158
[ [3 3 1], [2 2 3] ]: 0.46976
[ [3 3 1], [3 2 3] ]: 0.4993
[ [3 3 1], [1 3 3] ]: 0.38511
[ [3 3 1], [2 3 3] ]: 0.35534
[ [3 3 1], [3 3 3] ]: 0.49945

[ [1 1 2], [1 1 1] ]: 0.49976
[ [1 1 2], [2 1 1] ]: 0.38272
[ [1 1 2], [3 1 1] ]: 0.35681
[ [1 1 2], [1 2 1] ]: 0.59694
[ [1 1 2], [2 2 1] ]: 0.49801
[ [1 1 2], [3 2 1] ]: 0.4707
[ [1 1 2], [1 3 1] ]: 0.50113
[ [1 1 2], [2 3 1] ]: 0.50043
[ [1 1 2], [3 3 1] ]: 0.46838
[ [1 1 2], [1 1 2] ]: 1.0
[ [1 1 2], [2 1 2] ]: 0.55341
[ [1 1 2], [3 1 2] ]: 0.50164
[ [1 1 2], [1 2 2] ]: 0.59974
[ [1 1 2], [2 2 2] ]: 0.61847
[ [1 1 2], [3 2 2] ]: 0.49989
[ [1 1 2], [1 3 2] ]: 0.5015
[ [1 1 2], [2 3 2] ]: 0.55593
[ [1 1 2], [3 3 2] ]: 0.5028
[ [1 1 2], [1 1 3] ]: 0.49768
[ [1 1 2], [2 1 3] ]: 0.53143
[ [1 1 2], [3 1 3] ]: 0.52584
[ [1 1 2], [1 2 3] ]: 0.60106
[ [1 1 2], [2 2 3] ]: 0.53048
[ [1 1 2], [3 2 3] ]: 0.52658
[ [1 1 2], [1 3 3] ]: 0.49722
[ [1 1 2], [2 3 3] ]: 0.52721
[ [1 1 2], [3 3 3] ]: 0.59113

[ [2 1 2], [1 1 1] ]: 0.56506
[ [2 1 2], [2 1 1] ]: 0.49838
[ [2 1 2], [3 1 1] ]: 0.47399
[ [2 1 2], [1 2 1] ]: 0.50016
[ [2 1 2], [2 2 1] ]: 0.40214
[ [2 1 2], [3 2 1] ]: 0.37701
[ [2 1 2], [1 3 1] ]: 0.49849
[ [2 1 2], [2 3 1] ]: 0.50104
[ [2 1 2], [3 3 1] ]: 0.47247
[ [2 1 2], [1 1 2] ]: 0.44659
[ [2 1 2], [2 1 2] ]: 1.0
[ [2 1 2], [3 1 2] ]: 0.4428
[ [2 1 2], [1 2 2] ]: 0.53073
[ [2 1 2], [2 2 2] ]: 0.57178
[ [2 1 2], [3 2 2] ]: 0.44417
[ [2 1 2], [1 3 2] ]: 0.44524
[ [2 1 2], [2 3 2] ]: 0.50081
[ [2 1 2], [3 3 2] ]: 0.44297
[ [2 1 2], [1 1 3] ]: 0.473
[ [2 1 2], [2 1 3] ]: 0.49755
[ [2 1 2], [3 1 3] ]: 0.50011
[ [2 1 2], [1 2 3] ]: 0.5653
[ [2 1 2], [2 2 3] ]: 0.49997
[ [2 1 2], [3 2 3] ]: 0.50004
[ [2 1 2], [1 3 3] ]: 0.47282
[ [2 1 2], [2 3 3] ]: 0.49901
[ [2 1 2], [3 3 3] ]: 0.56741

[ [3 1 2], [1 1 1] ]: 0.5884
[ [3 1 2], [2 1 1] ]: 0.52971
[ [3 1 2], [3 1 1] ]: 0.4979
[ [3 1 2], [1 2 1] ]: 0.62524
[ [3 1 2], [2 2 1] ]: 0.53126
[ [3 1 2], [3 2 1] ]: 0.50059
[ [3 1 2], [1 3 1] ]: 0.44198
[ [3 1 2], [2 3 1] ]: 0.42759
[ [3 1 2], [3 3 1] ]: 0.39902
[ [3 1 2], [1 1 2] ]: 0.49836
[ [3 1 2], [2 1 2] ]: 0.5572
[ [3 1 2], [3 1 2] ]: 1.0
[ [3 1 2], [1 2 2] ]: 0.60014
[ [3 1 2], [2 2 2] ]: 0.61939
[ [3 1 2], [3 2 2] ]: 0.50094
[ [3 1 2], [1 3 2] ]: 0.50022
[ [3 1 2], [2 3 2] ]: 0.55639
[ [3 1 2], [3 3 2] ]: 0.50051
[ [3 1 2], [1 1 3] ]: 0.47121
[ [3 1 2], [2 1 3] ]: 0.50286
[ [3 1 2], [3 1 3] ]: 0.49891
[ [3 1 2], [1 2 3] ]: 0.5721
[ [3 1 2], [2 2 3] ]: 0.4974
[ [3 1 2], [3 2 3] ]: 0.49768
[ [3 1 2], [1 3 3] ]: 0.47016
[ [3 1 2], [2 3 3] ]: 0.49952
[ [3 1 2], [3 3 3] ]: 0.57199

[ [1 2 2], [1 1 1] ]: 0.57044
[ [1 2 2], [2 1 1] ]: 0.50002
[ [1 2 2], [3 1 1] ]: 0.47095
[ [1 2 2], [1 2 1] ]: 0.49661
[ [1 2 2], [2 2 1] ]: 0.61486
[ [1 2 2], [3 2 1] ]: 0.47124
[ [1 2 2], [1 3 1] ]: 0.4993
[ [1 2 2], [2 3 1] ]: 0.49859
[ [1 2 2], [3 3 1] ]: 0.47022
[ [1 2 2], [1 1 2] ]: 0.40026
[ [1 2 2], [2 1 2] ]: 0.46927
[ [1 2 2], [3 1 2] ]: 0.39986
[ [1 2 2], [1 2 2] ]: 1.0
[ [1 2 2], [2 2 2] ]: 0.71979
[ [1 2 2], [3 2 2] ]: 0.49909
[ [1 2 2], [1 3 2] ]: 0.50119
[ [1 2 2], [2 3 2] ]: 0.55442
[ [1 2 2], [3 3 2] ]: 0.50047
[ [1 2 2], [1 1 3] ]: 0.50171
[ [1 2 2], [2 1 3] ]: 0.52886
[ [1 2 2], [3 1 3] ]: 0.5277
[ [1 2 2], [1 2 3] ]: 0.49944
[ [1 2 2], [2 2 3] ]: 0.64119
[ [1 2 2], [3 2 3] ]: 0.52356
[ [1 2 2], [1 3 3] ]: 0.49984
[ [1 2 2], [2 3 3] ]: 0.52849
[ [1 2 2], [3 3 3] ]: 0.59039

[ [2 2 2], [1 1 1] ]: 0.49839
[ [2 2 2], [2 1 1] ]: 0.42946
[ [2 2 2], [3 1 1] ]: 0.41012
[ [2 2 2], [1 2 1] ]: 0.43624
[ [2 2 2], [2 2 1] ]: 0.49928
[ [2 2 2], [3 2 1] ]: 0.40911
[ [2 2 2], [1 3 1] ]: 0.43552
[ [2 2 2], [2 3 1] ]: 0.42774
[ [2 2 2], [3 3 1] ]: 0.40626
[ [2 2 2], [1 1 2] ]: 0.38153
[ [2 2 2], [2 1 2] ]: 0.42822
[ [2 2 2], [3 1 2] ]: 0.38061
[ [2 2 2], [1 2 2] ]: 0.28021
[ [2 2 2], [2 2 2] ]: 1.0
[ [2 2 2], [3 2 2] ]: 0.27854
[ [2 2 2], [1 3 2] ]: 0.38128
[ [2 2 2], [2 3 2] ]: 0.42813
[ [2 2 2], [3 3 2] ]: 0.38124
[ [2 2 2], [1 1 3] ]: 0.40726
[ [2 2 2], [2 1 3] ]: 0.42891
[ [2 2 2], [3 1 3] ]: 0.43577
[ [2 2 2], [1 2 3] ]: 0.40995
[ [2 2 2], [2 2 3] ]: 0.50119
[ [2 2 2], [3 2 3] ]: 0.43176
[ [2 2 2], [1 3 3] ]: 0.41177
[ [2 2 2], [2 3 3] ]: 0.42966
[ [2 2 2], [3 3 3] ]: 0.49849

[ [3 2 2], [1 1 1] ]: 0.59142
[ [3 2 2], [2 1 1] ]: 0.52772
[ [3 2 2], [3 1 1] ]: 0.49986
[ [3 2 2], [1 2 1] ]: 0.52536
[ [3 2 2], [2 2 1] ]: 0.64267
[ [3 2 2], [3 2 1] ]: 0.50112
[ [3 2 2], [1 3 1] ]: 0.52749
[ [3 2 2], [2 3 1] ]: 0.53025
[ [3 2 2], [3 3 1] ]: 0.49949
[ [3 2 2], [1 1 2] ]: 0.50011
[ [3 2 2], [2 1 2] ]: 0.55583
[ [3 2 2], [3 1 2] ]: 0.49906
[ [3 2 2], [1 2 2] ]: 0.50091
[ [3 2 2], [2 2 2] ]: 0.72146
[ [3 2 2], [3 2 2] ]: 1.0
[ [3 2 2], [1 3 2] ]: 0.40122
[ [3 2 2], [2 3 2] ]: 0.46452
[ [3 2 2], [3 3 2] ]: 0.40115
[ [3 2 2], [1 1 3] ]: 0.47041
[ [3 2 2], [2 1 3] ]: 0.49913
[ [3 2 2], [3 1 3] ]: 0.49876
[ [3 2 2], [1 2 3] ]: 0.47262
[ [3 2 2], [2 2 3] ]: 0.61553
[ [3 2 2], [3 2 3] ]: 0.49957
[ [3 2 2], [1 3 3] ]: 0.47168
[ [3 2 2], [2 3 3] ]: 0.50108
[ [3 2 2], [3 3 3] ]: 0.57008

[ [1 3 2], [1 1 1] ]: 0.5693
[ [1 3 2], [2 1 1] ]: 0.49977
[ [1 3 2], [3 1 1] ]: 0.47039
[ [1 3 2], [1 2 1] ]: 0.49823
[ [1 3 2], [2 2 1] ]: 0.50356
[ [1 3 2], [3 2 1] ]: 0.57258
[ [1 3 2], [1 3 1] ]: 0.49903
[ [1 3 2], [2 3 1] ]: 0.50236
[ [1 3 2], [3 3 1] ]: 0.4695
[ [1 3 2], [1 1 2] ]: 0.4985
[ [1 3 2], [2 1 2] ]: 0.55476
[ [1 3 2], [3 1 2] ]: 0.49978
[ [1 3 2], [1 2 2] ]: 0.49881
[ [1 3 2], [2 2 2] ]: 0.61872
[ [1 3 2], [3 2 2] ]: 0.59878
[ [1 3 2], [1 3 2] ]: 1.0
[ [1 3 2], [2 3 2] ]: 0.55679
[ [1 3 2], [3 3 2] ]: 0.49859
[ [1 3 2], [1 1 3] ]: 0.4006
[ [1 3 2], [2 1 3] ]: 0.43055
[ [1 3 2], [3 1 3] ]: 0.43719
[ [1 3 2], [1 2 3] ]: 0.49856
[ [1 3 2], [2 2 3] ]: 0.53307
[ [1 3 2], [3 2 3] ]: 0.6244
[ [1 3 2], [1 3 3] ]: 0.49985
[ [1 3 2], [2 3 3] ]: 0.52984
[ [1 3 2], [3 3 3] ]: 0.59128

[ [2 3 2], [1 1 1] ]: 0.56582
[ [2 3 2], [2 1 1] ]: 0.49884
[ [2 3 2], [3 1 1] ]: 0.47237
[ [2 3 2], [1 2 1] ]: 0.49926
[ [2 3 2], [2 2 1] ]: 0.50185
[ [2 3 2], [3 2 1] ]: 0.56071
[ [2 3 2], [1 3 1] ]: 0.49892
[ [2 3 2], [2 3 1] ]: 0.49998
[ [2 3 2], [3 3 1] ]: 0.47188
[ [2 3 2], [1 1 2] ]: 0.44407
[ [2 3 2], [2 1 2] ]: 0.49919
[ [2 3 2], [3 1 2] ]: 0.44361
[ [2 3 2], [1 2 2] ]: 0.44558
[ [2 3 2], [2 2 2] ]: 0.57187
[ [2 3 2], [3 2 2] ]: 0.53548
[ [2 3 2], [1 3 2] ]: 0.44321
[ [2 3 2], [2 3 2] ]: 1.0
[ [2 3 2], [3 3 2] ]: 0.44342
[ [2 3 2], [1 1 3] ]: 0.47201
[ [2 3 2], [2 1 3] ]: 0.50148
[ [2 3 2], [3 1 3] ]: 0.50191
[ [2 3 2], [1 2 3] ]: 0.37487
[ [2 3 2], [2 2 3] ]: 0.39848
[ [2 3 2], [3 2 3] ]: 0.50139
[ [2 3 2], [1 3 3] ]: 0.47561
[ [2 3 2], [2 3 3] ]: 0.50017
[ [2 3 2], [3 3 3] ]: 0.56585

[ [3 3 2], [1 1 1] ]: 0.59264
[ [3 3 2], [2 1 1] ]: 0.52746
[ [3 3 2], [3 1 1] ]: 0.49997
[ [3 3 2], [1 2 1] ]: 0.52334
[ [3 3 2], [2 2 1] ]: 0.5291
[ [3 3 2], [3 2 1] ]: 0.59843
[ [3 3 2], [1 3 1] ]: 0.52901
[ [3 3 2], [2 3 1] ]: 0.53133
[ [3 3 2], [3 3 1] ]: 0.49935
[ [3 3 2], [1 1 2] ]: 0.4972
[ [3 3 2], [2 1 2] ]: 0.55703
[ [3 3 2], [3 1 2] ]: 0.49949
[ [3 3 2], [1 2 2] ]: 0.49953
[ [3 3 2], [2 2 2] ]: 0.61876
[ [3 3 2], [3 2 2] ]: 0.59885
[ [3 3 2], [1 3 2] ]: 0.50141
[ [3 3 2], [2 3 2] ]: 0.55658
[ [3 3 2], [3 3 2] ]: 1.0
[ [3 3 2], [1 1 3] ]: 0.46952
[ [3 3 2], [2 1 3] ]: 0.50163
[ [3 3 2], [3 1 3] ]: 0.50044
[ [3 3 2], [1 2 3] ]: 0.46972
[ [3 3 2], [2 2 3] ]: 0.50012
[ [3 3 2], [3 2 3] ]: 0.59864
[ [3 3 2], [1 3 3] ]: 0.35766
[ [3 3 2], [2 3 3] ]: 0.38351
[ [3 3 2], [3 3 3] ]: 0.49769

[ [1 1 3], [1 1 1] ]: 0.5022
[ [1 1 3], [2 1 1] ]: 0.35509
[ [1 1 3], [3 1 1] ]: 0.38211
[ [1 1 3], [1 2 1] ]: 0.49832
[ [1 1 3], [2 2 1] ]: 0.47108
[ [1 1 3], [3 2 1] ]: 0.50031
[ [1 1 3], [1 3 1] ]: 0.59849
[ [1 1 3], [2 3 1] ]: 0.46863
[ [1 1 3], [3 3 1] ]: 0.50079
[ [1 1 3], [1 1 2] ]: 0.50232
[ [1 1 3], [2 1 2] ]: 0.527
[ [1 1 3], [3 1 2] ]: 0.52879
[ [1 1 3], [1 2 2] ]: 0.49829
[ [1 1 3], [2 2 2] ]: 0.59274
[ [1 1 3], [3 2 2] ]: 0.52959
[ [1 1 3], [1 3 2] ]: 0.5994
[ [1 1 3], [2 3 2] ]: 0.52799
[ [1 1 3], [3 3 2] ]: 0.53048
[ [1 1 3], [1 1 3] ]: 1.0
[ [1 1 3], [2 1 3] ]: 0.50173
[ [1 1 3], [3 1 3] ]: 0.55657
[ [1 1 3], [1 2 3] ]: 0.49942
[ [1 1 3], [2 2 3] ]: 0.49964
[ [1 1 3], [3 2 3] ]: 0.55374
[ [1 1 3], [1 3 3] ]: 0.59884
[ [1 1 3], [2 3 3] ]: 0.49843
[ [1 1 3], [3 3 3] ]: 0.61837

[ [2 1 3], [1 1 1] ]: 0.59102
[ [2 1 3], [2 1 1] ]: 0.50192
[ [2 1 3], [3 1 1] ]: 0.52972
[ [2 1 3], [1 2 1] ]: 0.43878
[ [2 1 3], [2 2 1] ]: 0.40131
[ [2 1 3], [3 2 1] ]: 0.42791
[ [2 1 3], [1 3 1] ]: 0.6249
[ [2 1 3], [2 3 1] ]: 0.49954
[ [2 1 3], [3 3 1] ]: 0.52686
[ [2 1 3], [1 1 2] ]: 0.46857
[ [2 1 3], [2 1 2] ]: 0.50245
[ [2 1 3], [3 1 2] ]: 0.49714
[ [2 1 3], [1 2 2] ]: 0.47114
[ [2 1 3], [2 2 2] ]: 0.57109
[ [2 1 3], [3 2 2] ]: 0.50087
[ [2 1 3], [1 3 2] ]: 0.56945
[ [2 1 3], [2 3 2] ]: 0.49852
[ [2 1 3], [3 3 2] ]: 0.49837
[ [2 1 3], [1 1 3] ]: 0.49827
[ [2 1 3], [2 1 3] ]: 1.0
[ [2 1 3], [3 1 3] ]: 0.55466
[ [2 1 3], [1 2 3] ]: 0.50149
[ [2 1 3], [2 2 3] ]: 0.49839
[ [2 1 3], [3 2 3] ]: 0.55473
[ [2 1 3], [1 3 3] ]: 0.59762
[ [2 1 3], [2 3 3] ]: 0.50046
[ [2 1 3], [3 3 3] ]: 0.62084

[ [3 1 3], [1 1 1] ]: 0.56661
[ [3 1 3], [2 1 1] ]: 0.47318
[ [3 1 3], [3 1 1] ]: 0.49944
[ [3 1 3], [1 2 1] ]: 0.50248
[ [3 1 3], [2 2 1] ]: 0.47305
[ [3 1 3], [3 2 1] ]: 0.501
[ [3 1 3], [1 3 1] ]: 0.50089
[ [3 1 3], [2 3 1] ]: 0.3772
[ [3 1 3], [3 3 1] ]: 0.40105
[ [3 1 3], [1 1 2] ]: 0.47416
[ [3 1 3], [2 1 2] ]: 0.49989
[ [3 1 3], [3 1 2] ]: 0.50109
[ [3 1 3], [1 2 2] ]: 0.4723
[ [3 1 3], [2 2 2] ]: 0.56423
[ [3 1 3], [3 2 2] ]: 0.50124
[ [3 1 3], [1 3 2] ]: 0.56281
[ [3 1 3], [2 3 2] ]: 0.49809
[ [3 1 3], [3 3 2] ]: 0.49956
[ [3 1 3], [1 1 3] ]: 0.44343
[ [3 1 3], [2 1 3] ]: 0.44534
[ [3 1 3], [3 1 3] ]: 1.0
[ [3 1 3], [1 2 3] ]: 0.44308
[ [3 1 3], [2 2 3] ]: 0.44607
[ [3 1 3], [3 2 3] ]: 0.49905
[ [3 1 3], [1 3 3] ]: 0.53059
[ [3 1 3], [2 3 3] ]: 0.44524
[ [3 1 3], [3 3 3] ]: 0.57048

[ [1 2 3], [1 1 1] ]: 0.5736
[ [1 2 3], [2 1 1] ]: 0.47067
[ [1 2 3], [3 1 1] ]: 0.499
[ [1 2 3], [1 2 1] ]: 0.49738
[ [1 2 3], [2 2 1] ]: 0.4711
[ [1 2 3], [3 2 1] ]: 0.49803
[ [1 2 3], [1 3 1] ]: 0.49871
[ [1 2 3], [2 3 1] ]: 0.57396
[ [1 2 3], [3 3 1] ]: 0.49842
[ [1 2 3], [1 1 2] ]: 0.39894
[ [1 2 3], [2 1 2] ]: 0.4347
[ [1 2 3], [3 1 2] ]: 0.4279
[ [1 2 3], [1 2 2] ]: 0.50056
[ [1 2 3], [2 2 2] ]: 0.59005
[ [1 2 3], [3 2 2] ]: 0.52738
[ [1 2 3], [1 3 2] ]: 0.50144
[ [1 2 3], [2 3 2] ]: 0.62513
[ [1 2 3], [3 3 2] ]: 0.53028
[ [1 2 3], [1 1 3] ]: 0.50058
[ [1 2 3], [2 1 3] ]: 0.49851
[ [1 2 3], [3 1 3] ]: 0.55692
[ [1 2 3], [1 2 3] ]: 1.0
[ [1 2 3], [2 2 3] ]: 0.49868
[ [1 2 3], [3 2 3] ]: 0.55562
[ [1 2 3], [1 3 3] ]: 0.50034
[ [1 2 3], [2 3 3] ]: 0.5997
[ [1 2 3], [3 3 3] ]: 0.61898

[ [2 2 3], [1 1 1] ]: 0.59227
[ [2 2 3], [2 1 1] ]: 0.49857
[ [2 2 3], [3 1 1] ]: 0.53053
[ [2 2 3], [1 2 1] ]: 0.52484
[ [2 2 3], [2 2 1] ]: 0.50021
[ [2 2 3], [3 2 1] ]: 0.52773
[ [2 2 3], [1 3 1] ]: 0.52661
[ [2 2 3], [2 3 1] ]: 0.60027
[ [2 2 3], [3 3 1] ]: 0.53024
[ [2 2 3], [1 1 2] ]: 0.46952
[ [2 2 3], [2 1 2] ]: 0.50003
[ [2 2 3], [3 1 2] ]: 0.5026
[ [2 2 3], [1 2 2] ]: 0.35881
[ [2 2 3], [2 2 2] ]: 0.49881
[ [2 2 3], [3 2 2] ]: 0.38447
[ [2 2 3], [1 3 2] ]: 0.46693
[ [2 2 3], [2 3 2] ]: 0.60152
[ [2 2 3], [3 3 2] ]: 0.49988
[ [2 2 3], [1 1 3] ]: 0.50036
[ [2 2 3], [2 1 3] ]: 0.50161
[ [2 2 3], [3 1 3] ]: 0.55393
[ [2 2 3], [1 2 3] ]: 0.50132
[ [2 2 3], [2 2 3] ]: 1.0
[ [2 2 3], [3 2 3] ]: 0.55612
[ [2 2 3], [1 3 3] ]: 0.50115
[ [2 2 3], [2 3 3] ]: 0.59942
[ [2 2 3], [3 3 3] ]: 0.62005

[ [3 2 3], [1 1 1] ]: 0.56274
[ [3 2 3], [2 1 1] ]: 0.47406
[ [3 2 3], [3 1 1] ]: 0.50002
[ [3 2 3], [1 2 1] ]: 0.50267
[ [3 2 3], [2 2 1] ]: 0.47377
[ [3 2 3], [3 2 1] ]: 0.49822
[ [3 2 3], [1 3 1] ]: 0.50162
[ [3 2 3], [2 3 1] ]: 0.56218
[ [3 2 3], [3 3 1] ]: 0.5007
[ [3 2 3], [1 1 2] ]: 0.47342
[ [3 2 3], [2 1 2] ]: 0.49996
[ [3 2 3], [3 1 2] ]: 0.50232
[ [3 2 3], [1 2 2] ]: 0.47644
[ [3 2 3], [2 2 2] ]: 0.56824
[ [3 2 3], [3 2 2] ]: 0.50043
[ [3 2 3], [1 3 2] ]: 0.3756
[ [3 2 3], [2 3 2] ]: 0.49861
[ [3 2 3], [3 3 2] ]: 0.40136
[ [3 2 3], [1 1 3] ]: 0.44626
[ [3 2 3], [2 1 3] ]: 0.44527
[ [3 2 3], [3 1 3] ]: 0.50095
[ [3 2 3], [1 2 3] ]: 0.44438
[ [3 2 3], [2 2 3] ]: 0.44388
[ [3 2 3], [3 2 3] ]: 1.0
[ [3 2 3], [1 3 3] ]: 0.44316
[ [3 2 3], [2 3 3] ]: 0.53423
[ [3 2 3], [3 3 3] ]: 0.57044

[ [1 3 3], [1 1 1] ]: 0.56986
[ [1 3 3], [2 1 1] ]: 0.47021
[ [1 3 3], [3 1 1] ]: 0.50025
[ [1 3 3], [1 2 1] ]: 0.49935
[ [1 3 3], [2 2 1] ]: 0.4725
[ [1 3 3], [3 2 1] ]: 0.49921
[ [1 3 3], [1 3 1] ]: 0.4982
[ [1 3 3], [2 3 1] ]: 0.47212
[ [1 3 3], [3 3 1] ]: 0.61489
[ [1 3 3], [1 1 2] ]: 0.50278
[ [1 3 3], [2 1 2] ]: 0.52718
[ [1 3 3], [3 1 2] ]: 0.52984
[ [1 3 3], [1 2 2] ]: 0.50016
[ [1 3 3], [2 2 2] ]: 0.58823
[ [1 3 3], [3 2 2] ]: 0.52832
[ [1 3 3], [1 3 2] ]: 0.50015
[ [1 3 3], [2 3 2] ]: 0.52439
[ [1 3 3], [3 3 2] ]: 0.64234
[ [1 3 3], [1 1 3] ]: 0.40116
[ [1 3 3], [2 1 3] ]: 0.40238
[ [1 3 3], [3 1 3] ]: 0.46941
[ [1 3 3], [1 2 3] ]: 0.49966
[ [1 3 3], [2 2 3] ]: 0.49885
[ [1 3 3], [3 2 3] ]: 0.55684
[ [1 3 3], [1 3 3] ]: 1.0
[ [1 3 3], [2 3 3] ]: 0.50189
[ [1 3 3], [3 3 3] ]: 0.72456

[ [2 3 3], [1 1 1] ]: 0.5919
[ [2 3 3], [2 1 1] ]: 0.49521
[ [2 3 3], [3 1 1] ]: 0.53031
[ [2 3 3], [1 2 1] ]: 0.52627
[ [2 3 3], [2 2 1] ]: 0.49805
[ [2 3 3], [3 2 1] ]: 0.52927
[ [2 3 3], [1 3 1] ]: 0.52832
[ [2 3 3], [2 3 1] ]: 0.49878
[ [2 3 3], [3 3 1] ]: 0.64466
[ [2 3 3], [1 1 2] ]: 0.47279
[ [2 3 3], [2 1 2] ]: 0.50099
[ [2 3 3], [3 1 2] ]: 0.50048
[ [2 3 3], [1 2 2] ]: 0.47151
[ [2 3 3], [2 2 2] ]: 0.57034
[ [2 3 3], [3 2 2] ]: 0.49892
[ [2 3 3], [1 3 2] ]: 0.47016
[ [2 3 3], [2 3 2] ]: 0.49983
[ [2 3 3], [3 3 2] ]: 0.61649
[ [2 3 3], [1 1 3] ]: 0.50157
[ [2 3 3], [2 1 3] ]: 0.49954
[ [2 3 3], [3 1 3] ]: 0.55476
[ [2 3 3], [1 2 3] ]: 0.4003
[ [2 3 3], [2 2 3] ]: 0.40058
[ [2 3 3], [3 2 3] ]: 0.46577
[ [2 3 3], [1 3 3] ]: 0.49811
[ [2 3 3], [2 3 3] ]: 1.0
[ [2 3 3], [3 3 3] ]: 0.72292

[ [3 3 3], [1 1 1] ]: 0.50224
[ [3 3 3], [2 1 1] ]: 0.40973
[ [3 3 3], [3 1 1] ]: 0.42826
[ [3 3 3], [1 2 1] ]: 0.43429
[ [3 3 3], [2 2 1] ]: 0.40972
[ [3 3 3], [3 2 1] ]: 0.4281
[ [3 3 3], [1 3 1] ]: 0.43422
[ [3 3 3], [2 3 1] ]: 0.40911
[ [3 3 3], [3 3 1] ]: 0.50055
[ [3 3 3], [1 1 2] ]: 0.40887
[ [3 3 3], [2 1 2] ]: 0.43259
[ [3 3 3], [3 1 2] ]: 0.42801
[ [3 3 3], [1 2 2] ]: 0.40961
[ [3 3 3], [2 2 2] ]: 0.50151
[ [3 3 3], [3 2 2] ]: 0.42992
[ [3 3 3], [1 3 2] ]: 0.40872
[ [3 3 3], [2 3 2] ]: 0.43415
[ [3 3 3], [3 3 2] ]: 0.50231
[ [3 3 3], [1 1 3] ]: 0.38163
[ [3 3 3], [2 1 3] ]: 0.37916
[ [3 3 3], [3 1 3] ]: 0.42952
[ [3 3 3], [1 2 3] ]: 0.38102
[ [3 3 3], [2 2 3] ]: 0.37995
[ [3 3 3], [3 2 3] ]: 0.42956
[ [3 3 3], [1 3 3] ]: 0.27544
[ [3 3 3], [2 3 3] ]: 0.27708
[ [3 3 3], [3 3 3] ]: 1.0

------------------------------

