m : 2
n : 5

[1 1 1 1 1] : 62.10273
[2 1 1 1 1] : 32.0255
[1 2 1 1 1] : 33.85535
[2 2 1 1 1] : 31.86295
[1 1 2 1 1] : 37.75292
[2 1 2 1 1] : 31.98384
[1 2 2 1 1] : 34.02598
[2 2 2 1 1] : 32.19422
[1 1 1 2 1] : 33.97488
[2 1 1 2 1] : 35.9262
[1 2 1 2 1] : 42.10307
[2 2 1 2 1] : 31.94339
[1 1 2 2 1] : 34.11935
[2 1 2 2 1] : 36.00644
[1 2 2 2 1] : 33.81846
[2 2 2 2 1] : 31.9711
[1 1 1 1 2] : 32.07803
[2 1 1 1 2] : 33.96547
[1 2 1 1 2] : 35.97029
[2 2 1 1 2] : 33.94492
[1 1 2 1 2] : 32.13533
[2 1 2 1 2] : 41.84906
[1 2 2 1 2] : 35.92619
[2 2 2 1 2] : 34.11549
[1 1 1 2 2] : 32.07362
[2 1 1 2 2] : 34.00656
[1 2 1 2 2] : 31.92489
[2 2 1 2 2] : 38.03894
[1 1 2 2 2] : 31.86904
[2 1 2 2 2] : 33.90798
[1 2 2 2 2] : 32.04939
[2 2 2 2 2] : 62.35377

--------------------

m : 2
n : 6

[1 1 1 1 1 1] : 125.92113
[2 1 1 1 1 1] : 63.72668
[1 2 1 1 1 1] : 65.98735
[2 2 1 1 1 1] : 63.7026
[1 1 2 1 1 1] : 70.06749
[2 1 2 1 1 1] : 63.91407
[1 2 2 1 1 1] : 65.78369
[2 2 2 1 1 1] : 64.07322
[1 1 1 2 1 1] : 70.04228
[2 1 1 2 1 1] : 71.89209
[1 2 1 2 1 1] : 66.19121
[2 2 1 2 1 1] : 63.83943
[1 1 2 2 1 1] : 69.78527
[2 1 2 2 1 1] : 64.04309
[1 2 2 2 1 1] : 66.64106
[2 2 2 2 1 1] : 64.11148
[1 1 1 1 2 1] : 66.13569
[2 1 1 1 2 1] : 68.03077
[1 2 1 1 2 1] : 74.26882
[2 2 1 1 2 1] : 64.26057
[1 1 2 1 2 1] : 66.15613
[2 1 2 1 2 1] : 83.64012
[1 2 2 1 2 1] : 66.0361
[2 2 2 1 2 1] : 64.08001
[1 1 1 2 2 1] : 65.85711
[2 1 1 2 2 1] : 67.63576
[1 2 1 2 2 1] : 66.05358
[2 2 1 2 2 1] : 71.69867
[1 1 2 2 2 1] : 65.94906
[2 1 2 2 2 1] : 67.77846
[1 2 2 2 2 1] : 65.97182
[2 2 2 2 2 1] : 64.08823
[1 1 1 1 1 2] : 64.05402
[2 1 1 1 1 2] : 66.02978
[1 2 1 1 1 2] : 67.8152
[2 2 1 1 1 2] : 65.83908
[1 1 2 1 1 2] : 72.18444
[2 1 2 1 1 2] : 66.19612
[1 2 2 1 1 2] : 67.75764
[2 2 2 1 1 2] : 66.00269
[1 1 1 2 1 2] : 63.77704
[2 1 1 2 1 2] : 65.96368
[1 2 1 2 1 2] : 84.10226
[2 2 1 2 1 2] : 66.00402
[1 1 2 2 1 2] : 63.75766
[2 1 2 2 1 2] : 74.21915
[1 2 2 2 1 2] : 68.00498
[2 2 2 2 1 2] : 66.03758
[1 1 1 1 2 2] : 63.86277
[2 1 1 1 2 2] : 66.22678
[1 2 1 1 2 2] : 64.23929
[2 2 1 1 2 2] : 69.8437
[1 1 2 1 2 2] : 64.30238
[2 1 2 1 2 2] : 66.30796
[1 2 2 1 2 2] : 71.95974
[2 2 2 1 2 2] : 69.77953
[1 1 1 2 2 2] : 63.74422
[2 1 1 2 2 2] : 66.16203
[1 2 1 2 2 2] : 64.08884
[2 2 1 2 2 2] : 69.84726
[1 1 2 2 2 2] : 63.87924
[2 1 2 2 2 2] : 65.73446
[1 2 2 2 2 2] : 64.22178
[2 2 2 2 2 2] : 125.92286

--------------------

m : 2
n : 6

[1 1 1 1 1 1] : 125.96271
[2 1 1 1 1 1] : 63.73249
[1 2 1 1 1 1] : 65.71875
[2 2 1 1 1 1] : 63.63219
[1 1 2 1 1 1] : 70.27123
[2 1 2 1 1 1] : 64.02138
[1 2 2 1 1 1] : 66.09451
[2 2 2 1 1 1] : 63.63465
[1 1 1 2 1 1] : 70.25759
[2 1 1 2 1 1] : 72.05606
[1 2 1 2 1 1] : 66.24966
[2 2 1 2 1 1] : 64.13881
[1 1 2 2 1 1] : 69.49798
[2 1 2 2 1 1] : 63.75347
[1 2 2 2 1 1] : 66.04379
[2 2 2 2 1 1] : 64.0003
[1 1 1 1 2 1] : 66.06347
[2 1 1 1 2 1] : 68.25812
[1 2 1 1 2 1] : 74.07948
[2 2 1 1 2 1] : 64.24737
[1 1 2 1 2 1] : 65.692
[2 1 2 1 2 1] : 84.02548
[1 2 2 1 2 1] : 66.20979
[2 2 2 1 2 1] : 63.70281
[1 1 1 2 2 1] : 66.05279
[2 1 1 2 2 1] : 67.78138
[1 2 1 2 2 1] : 65.76355
[2 2 1 2 2 1] : 72.10456
[1 1 2 2 2 1] : 65.88077
[2 1 2 2 2 1] : 67.90107
[1 2 2 2 2 1] : 66.08809
[2 2 2 2 2 1] : 64.12975
[1 1 1 1 1 2] : 63.94271
[2 1 1 1 1 2] : 65.97055
[1 2 1 1 1 2] : 68.12789
[2 2 1 1 1 2] : 66.02637
[1 1 2 1 1 2] : 72.04118
[2 1 2 1 1 2] : 66.2872
[1 2 2 1 1 2] : 67.90841
[2 2 2 1 1 2] : 65.70083
[1 1 1 2 1 2] : 64.206
[2 1 1 2 1 2] : 66.24534
[1 2 1 2 1 2] : 84.03844
[2 2 1 2 1 2] : 65.92141
[1 1 2 2 1 2] : 64.18632
[2 1 2 2 1 2] : 74.22342
[1 2 2 2 1 2] : 68.13801
[2 2 2 2 1 2] : 65.54771
[1 1 1 1 2 2] : 63.91528
[2 1 1 1 2 2] : 65.7532
[1 2 1 1 2 2] : 63.90156
[2 2 1 1 2 2] : 69.75994
[1 1 2 1 2 2] : 64.16929
[2 1 2 1 2 2] : 65.69945
[1 2 2 1 2 2] : 71.98639
[2 2 2 1 2 2] : 69.88426
[1 1 1 2 2 2] : 63.83526
[2 1 1 2 2 2] : 66.10407
[1 2 1 2 2 2] : 64.20508
[2 2 1 2 2 2] : 69.76218
[1 1 2 2 2 2] : 64.07398
[2 1 2 2 2 2] : 66.11306
[1 2 2 2 2 2] : 64.28725
[2 2 2 2 2 2] : 125.76761

--------------------

m : 2
n : 1

[1] : 1.99806
[2] : 2.00177

--------------------

